20122372248496 9       ABCDEFGHI       -37.62146   77.86929  0.40471  0.00675  0.00996  269.95 269.6 601683837
20121070457007 7       CHEDIGJ         -36.06861   78.82845  0.40233  0.00814  0.00948  263.55 265.5 601105780
20121072342061 9       EDJHBCKIG       -36.62758   78.82345  0.38920  0.00710  0.00911  278.22 277.8 600886662
20121072216539 7       BGJHEDI         -36.66379   78.81884  0.41603  0.00859  0.00929  271.47 271.4 601105874
20121940513426 10      HAEDJBCIFG      -39.36891   78.10459  0.38063  0.00701  0.00968  267.50 267.5 601664466
20170430605449 9       LJMIGCNAO       -37.04935   78.24201  0.39292  0.00724  0.00821  269.03 268.5 610671167
20211662350092 6       AJNPLC          -37.20995   78.11801  0.58194  0.00823  0.01355  275.29 275.2 620520467
20213410244059 6       PJOLAC          -38.54564   78.24826  0.65405  0.00847  0.01569  274.91 274.2 621615806
20171872207137 5       JAQMC           -40.71980   80.29745  1.55667  0.02814  0.04304  253.94 247.4 610939504
20171162036208 9       JIGCLMNOA       -37.72999   77.99224  0.39722  0.00720  0.00839  263.20 264.2 610650086
20172090040174 11      OCMINLAQJRG     -37.24626   78.31393  0.37708  0.00667  0.00812  271.13 271.8 610941103
20172390343502 11      MRGJIAQCLON     -35.49328   78.41799  0.36389  0.00679  0.00764  266.19 263.5 611003301
20173022147563 11      GNLJCMRIQAO     -39.51342   78.05403  0.40011  0.00683  0.00873  254.74 254.8 611459572
20151180715267 8       SGBTUJCV        -39.40230   78.10650  0.43792  0.01127  0.01250  263.26 261.6 607260537
20151561453535 11      EJUGCBTNIVS     -36.94210   78.25572  0.34923  0.00580  0.00858  279.17 279.9 607283827
20152990036004 6       BNGIEC          -36.83321   78.58482  0.49600  0.00983  0.00975  266.70 262.8 608100756
20153430731293 10      BGINVTCEUS      -39.30506   78.15773  0.43116  0.00638  0.01017  266.07 265.9 608187025
20150650852415 6       TBVJSU          -40.96855   75.88195  0.53576  0.01060  0.01966  251.16 249.7 607187836
20150661801130 6       JVUCTS          -39.98838   78.89266  1.29924  0.04428  0.07865  258.14 257.1 607187924
20150891838580 6       STVCUB          -39.81318   78.12992  18.98809 0.14461  0.28668  274.12 266.8 607182077
20153200859279 9       BTENGCVUS       -40.18824   78.67919  0.49359  0.00854  0.01025  267.32 265.7 608129491
20152481505384 10      VNSTBGUIEC      -37.10355   78.40659  0.43138  0.00632  0.00980  275.68 277.8 607729372
20123001434016 10      DECKHJGIBF      -36.51059   79.16462  0.38166  0.00662  0.00913  270.72 271.3 601999747
20121070504328 5       JDGIE           -36.08395   78.88133  0.48966  0.00988  0.00988  254.44 254.4 601105781
20152491751411 10      STCGUEBVIN      -37.11907   78.36696  0.43091  0.00631  0.00980  271.96 274.0 607814599
20151281925425 5       UTVSJ           -39.49483   77.46178  0.89984  0.34715  0.72308  246.54 246.1 607634341
20152251039482 10      BCTJUSGEIN      -36.79545   78.60745  0.36038  0.00619  0.00860  283.28 282.9 611836439
20151291044255 6       SUBTVC          -40.85827   77.19755  18.39536 0.12899  0.29202  258.38 255.7 607634408
20151572322223 11      GBVNTISCUJE     -36.91789   78.34820  0.35004  0.00581  0.00859  273.94 274.4 607285979
20152251128088 10      INCEJUBTGS      -36.86895   78.37602  0.35843  0.00614  0.00858  278.74 278.6 610636740
20152300050384 11      IGNVUESBTCJ     -35.48017   78.38052  0.34763  0.00594  0.00814  264.44 264.0 608096062
20151281549451 7       JVSUCBT         -40.61814   79.81475  1.35245  0.02787  0.04512  261.75 258.4 607634322
20151811024235 11      CBSGJVNEUTI     -40.03784   78.15025  0.37697  0.00628  0.00948  264.59 263.8 607320388
20151561751038 11      SJNBUCEIVTG     -36.85682   78.42197  0.35054  0.00583  0.00858  268.34 269.1 607288987
20151990907437 8       JICBETNG        -36.41273   79.15402  0.39772  0.00756  0.00860  272.71 272.5 607676258
20153130117417 9       BGSVNTUCE       -40.17147   78.35937  0.49071  0.00828  0.01029  262.33 261.2 608128930
20151572318259 11      GVITNSUBJEC     -37.11286   78.37410  0.35109  0.00582  0.00865  270.47 270.7 607514492
20150652030309 11      JTGVIEBSCUN     -35.13713   78.64217  0.34918  0.00603  0.00808  261.32 261.5 607187881
20150891034461 11      BUIVNETGSCJ     -39.25978   78.14365  0.36472  0.00598  0.00928  282.84 282.3 606951384
20203390243562 7       JNCALPG         -40.43970   78.05609  0.45182  0.00821  0.00990  267.14 267.8 619576813
20201032012431 8       AJCGLINP        -36.74845   77.45557  0.38899  0.00692  0.00875  262.88 264.2 618164655
20203392335592 7       GCANPLJ         -40.25490   77.98597  0.44656  0.00810  0.00986  263.69 265.2 619610859
20203402239012 7       CJLGPAN         -40.30299   78.00966  0.44798  0.00813  0.00987  267.74 269.1 619578292
20202632109252 8       AILNGJCP        -37.47915   78.06200  0.40179  0.00701  0.00904  284.98 284.8 619100820
20201181142455 8       JGIPACLN        -37.52319   78.07874  0.40244  0.00702  0.00905  266.92 267.2 618236134
20203391056393 7       JAPNLGC         -40.34290   78.06143  0.44971  0.00816  0.00988  267.41 269.3 619610832
20201030007419 8       ILGACPJN        -40.31279   78.44709  0.45152  0.00766  0.00985  273.47 275.4 618164603
20201170106548 9       CIGLAPJNW       -37.14890   78.32948  0.36841  0.00615  0.00894  262.72 264.4 618707336
20201030109418 8       JNLCPAIG        -40.23735   78.40893  0.44905  0.00761  0.00984  268.87 270.6 618164607
20201101844579 7       PJICLGN         -36.88599   78.60941  0.47723  0.00906  0.00888  269.92 268.7 618214448
20202521242345 9       JPLNAWICG       -38.45396   78.56856  0.38027  0.00620  0.00938  271.17 272.3 618993953
20202062204085 8       GNAJILCP        -38.58286   78.55888  0.42120  0.00721  0.00942  272.92 273.7 618697857
20202161532541 8       PACJLNGI        -36.73896   77.41790  0.38856  0.00691  0.00875  262.23 263.6 618726872
20201162350152 8       CPLJGANI        -37.04308   78.26044  0.39953  0.00704  0.00890  260.26 260.5 618236028
20203132356109 8       PAJGLNCI        -36.98533   78.22016  0.39852  0.00703  0.00888  267.84 267.5 619553209
20203392029310 7       NLGCJAP         -40.30545   78.04069  0.44855  0.00814  0.00987  264.04 265.6 619576641
20202640938192 8       APLGNJIC        -37.47552   78.10687  0.40225  0.00702  0.00904  272.50 272.7 619430430
20203630704265 7       CLNPJWG         -39.30423   78.16667  0.42252  0.00757  0.00965  265.39 267.8 619717436
20203660311432 8       NALCIJGP        -36.77918   77.40960  0.38884  0.00691  0.00876  272.47 275.6 619630802
20201741006517 8       ANILPJGC        -39.20381   78.17514  0.42503  0.00722  0.00958  272.74 274.3 618561795
20202640928412 8       NALCIPGJ        -37.45942   78.12690  0.40230  0.00702  0.00904  268.39 269.2 619430429
20203410717110 9       NWJPALIGC       -40.30100   78.01352  0.39266  0.00634  0.00985  264.51 266.6 619615491
20203170745560 7       GIJLCPN         -36.58952   79.08498  0.47542  0.00907  0.00883  266.65 263.8 619558519
20203392030047 7       LNCPJGA         -40.25783   78.02848  0.44732  0.00811  0.00986  274.14 275.6 619610851
20203400134296 8       JALCGINP        -40.23552   77.95157  0.44108  0.00746  0.00985  274.96 276.9 619613825
20203391810172 7       AJGNLCP         -40.30086   78.03980  0.44843  0.00814  0.00987  265.54 267.0 619576816
20203031510247 8       INALPJCG        -36.52141   79.11183  0.40337  0.00715  0.00881  271.37 271.2 619541558
20121070438474 7       IDGJHBE         -36.13149   78.89475  0.41147  0.00857  0.00917  269.95 272.0 601105778
20121072150396 9       JBCDGIHKE       -36.62786   78.80757  0.38905  0.00710  0.00911  280.27 278.9 600981761
20122622141288 10      BJDAHCEGFI      -37.69178   77.97711  0.35883  0.00663  0.00926  272.39 273.1 601725190
20121070423132 8       GIEDCHBJ        -36.15220   78.92529  0.39415  0.00812  0.00915  271.18 271.5 601105776
20122850425177 10      CAGBJHIDFE      -39.34811   78.17343  0.38125  0.00702  0.00969  262.90 261.8 601997840
20201080139573 6       GNAJLC          -40.41520   78.69623  0.46583  0.00960  0.00999  261.88 262.8 618210931
20203410418559 7       JGPLNAC         -40.24693   77.97040  0.44614  0.00809  0.00986  273.05 274.5 619579673
20201030046151 9       LNGWJCAIP       -40.24188   78.42835  0.39712  0.00641  0.00983  276.62 279.1 618037618
20202111147330 8       GANJPCIL        -36.73966   77.42535  0.38865  0.00692  0.00875  268.61 270.9 618718196
20203382312136 8       JNAPCGLI        -36.76380   77.41840  0.38879  0.00691  0.00876  267.60 269.2 619610067
20203400024102 7       JCLGNPA         -40.30940   77.99124  0.44781  0.00812  0.00987  270.65 272.5 619613822
20203262118280 7       NLGJIPC         -36.52123   79.27631  0.47564  0.00907  0.00884  268.79 266.6 619569082
20200970246428 8       GALCJINP        -40.34217   78.49483  0.45306  0.00768  0.00986  271.44 273.2 618108377
20201771630477 8       CJLGAPNI        -36.76995   77.42601  0.38890  0.00691  0.00876  264.64 267.4 618677216
20203400846017 7       LPANGCJ         -40.30580   78.00172  0.44791  0.00812  0.00987  265.89 267.3 619578299
20203480655298 7       PLCJAGN         -40.25723   78.01196  0.44704  0.00811  0.00986  274.67 276.2 619602524
20201030657456 8       ALJCPNGI        -36.68575   77.43804  0.38831  0.00692  0.00873  284.26 284.9 618037100
20203611051266 6       GANLPJ          -40.15602   77.99371  0.49273  0.00908  0.01023  258.95 261.0 619680048
20201061715516 8       CILPANGJ        -36.75733   77.44649  0.38898  0.00692  0.00875  261.06 262.9 618196571
20220120838509 7       OWLCJAP         -39.57725   78.08936  0.60089  0.00720  0.01607  261.75 263.1 621816691
20192711819061 11      COXRNGMQILJ     -35.26923   78.63243  0.36413  0.00683  0.00762  274.44 274.5 616600825
20190310534301 8       RMLCIQPG        -36.59684   78.96232  0.46118  0.00792  0.00971  269.66 268.9 614946824
20191550141200 10      GQOXLNJICM      -39.42183   78.01396  0.40727  0.00705  0.00877  259.54 259.2 617422334
20191782017344 3       OWJ             -35.15030   81.78530  3.18668  0.02647  0.03990  251.75 249.9 617424443
20190590528089 7       LQGOJNI         -37.48240   79.02519  0.50616  0.01018  0.00874  256.42 257.9 617415139
20190950134275 10      QGICLJXMON      -40.46341   78.07196  0.42744  0.00737  0.00906  262.06 261.8 617417841
20192280859082 10      JQXNCLOMIG      -38.80288   78.35665  0.40312  0.00702  0.00864  263.78 264.7 616301937
20190590601013 12      COGWXNLMIJQR    -38.45347   78.58554  0.37163  0.00610  0.00842  265.02 266.2 615221800
20190590526495 8       LGNJXOQI        -38.41002   78.64129  0.42718  0.00766  0.00898  258.19 258.6 617415138
20192091838512 10      LCOJIQRMGN      -37.11917   78.37505  0.40480  0.00766  0.00820  265.55 266.2 617427086
20191080930551 11      IJXGOQMCLRN     -40.15385   78.68971  0.41961  0.00715  0.00900  270.72 271.5 615489538
20193641744366 10      JCOMIRNGLQ      -36.90361   78.49919  0.40338  0.00767  0.00816  274.90 273.9 617439499
20190590551239 8       XLJGIONQ        -38.52531   78.60030  0.42825  0.00767  0.00901  256.68 257.6 617415143
20190602238179 11      ILXCQGROJMN     -35.19703   78.61481  0.36350  0.00684  0.00759  272.43 272.8 615221909
20193641814037 10      IRGQOJMNCL      -36.91556   78.56730  0.40412  0.00767  0.00818  268.80 267.2 617439502
20122370147408 8       CDJEGAHB        -40.36500   78.32415  0.42409  0.00993  0.01012  269.28 268.8 601766377
20121431514144 10      KHBJCEDGFI      -36.84695   78.57124  0.37981  0.00666  0.00913  270.88 269.7 601118695
20123172332212 10      ECDGAHFIJB      -37.67507   77.96128  0.35850  0.00663  0.00926  273.98 276.3 602389310
20120552202578 5       DCHGI           -40.77367   78.22165  0.49782  0.01144  0.01201  267.64 264.8 600780291
20121070337319 6       GJDIHE          -36.14514   78.89214  0.42967  0.00867  0.00962  265.19 267.2 601105774
20190590524141 11      GIRQMLCXONJ     -38.45513   78.56508  0.39278  0.00677  0.00851  271.30 272.2 615221792
20191550130482 10      XJGQLCNOMI      -39.37759   78.07527  0.40748  0.00705  0.00876  265.52 265.3 616311646
20192280901195 10      GLOIQXNCMJ      -38.82736   78.36495  0.40356  0.00703  0.00864  265.84 267.4 617427990
20190590533437 8       XNQGJILO        -38.47620   78.60774  0.42765  0.00766  0.00900  258.88 259.2 617415141
20192501750066 10      MLQGONJXCI      -39.25391   78.17181  0.40698  0.00705  0.00874  260.13 260.9 617429141
20191550124045 10      JXNGIMQCOL      -39.41333   78.06957  0.40795  0.00706  0.00877  265.72 265.3 615876420
20190590528183 4       LXQN            -38.50025   78.36275  3.27216  0.01460  0.06798  258.47 256.1 617415133
20192082210398 10      JIQOGMLNCR      -37.32302   78.27490  0.40632  0.00765  0.00824  273.09 274.2 616316124
20191971347082 10      XCOMGQLNJI      -38.78310   78.37413  0.40311  0.00702  0.00863  261.18 261.5 617426207
20103430423257 9       JYBEGDCIZ       -37.38302   78.04482  0.40038  0.00859  0.00886  266.61 265.6 17186723
20103471545351 8       ZDYEIBGJ        -37.45752   78.14757  0.42144  0.00921  0.00889  269.37 268.0 17186967
20103451246158 7       BZYIGEJ         -37.55776   78.02299  0.45930  0.01039  0.00890  269.18 268.0 17186828
20102711415366 8       GCDEYZBJ        -40.86079   78.17081  0.45209  0.01137  0.00964  267.70 266.6 17182778
20102060506405 9       ZCDYBEGIJ       -37.31396   78.25576  0.40135  0.00858  0.00888  274.40 274.1 17178933
20103450458542 9       BGCEIDYZJ       -37.31126   78.05077  0.39962  0.00858  0.00885  273.13 272.7 15822513
20103450457216 7       CYGZEID         -37.34845   78.11358  0.47532  0.00918  0.00985  271.29 270.9 15908000
20102720717470 7       DEYZJGC         -40.86633   78.52227  0.46126  0.01136  0.00991  270.66 270.1 17182821
20103451902226 9       DGEJBYIZC       -37.36114   78.03914  0.40007  0.00859  0.00886  271.22 270.5 17186845
20100941229104 8       DEIBJYZG        -36.44299   79.21089  0.41776  0.00905  0.00885  265.43 263.9 17154252
20103490422508 10      GCIDJYBZEK      -37.43123   78.11355  0.39669  0.00750  0.00878  284.06 283.9 15797634
20100250033439 7       EGDBCIZ         -38.68142   78.31947  0.47961  0.00949  0.00995  264.61 265.4 17146708
20103441013280 9       GIBJZDEYC       -37.43490   78.04148  0.40092  0.00860  0.00887  281.56 281.1 15741520
20103431133439 10      DZYGJBIKEC      -37.46336   78.10361  0.39702  0.00751  0.00879  276.08 276.0 15933490
20102790219573 9       DGCZEIYBJ       -40.81163   78.05495  0.44750  0.00928  0.00949  275.70 273.9 15233515
20102720716124 6       BCJDZG          -40.82908   78.51250  0.46162  0.01452  0.01156  264.98 263.0 17182820
20102720618041 8       YGJZBECD        -40.69957   78.56168  0.45278  0.01131  0.00966  269.44 272.3 17182816
20103461729393 9       IYDZGJECB       -37.37646   78.11446  0.40087  0.00859  0.00887  274.71 274.1 15954703
20103490427345 9       BZCYIEDGJ       -37.40050   78.06551  0.40074  0.00859  0.00887  272.04 271.0 17187043
20101132339575 9       JCZEGBYID       -39.46935   77.86338  0.42518  0.00893  0.00924  269.36 267.0 17156450
20101742026486 8       BJZIGEDC        -37.72225   77.82601  0.40899  0.00865  0.00910  271.62 272.8 17176323
20102141644562 9       CYEDBJIZG       -37.33199   78.23611  0.40138  0.00858  0.00888  271.31 270.7 15641560
20103441429086 9       GIDEJYBCZ       -37.36801   78.06360  0.40035  0.00859  0.00886  270.97 270.3 17186781
20100961542379 9       YEDCABZJG       -40.19458   77.85727  0.41811  0.00983  0.00935  266.24 265.3 17154478
20103090949062 8       BZYJCGED        -40.85275   78.33312  0.45329  0.01136  0.00966  272.57 271.9 17184979
20102701330241 8       JDYCGZEB        -40.82388   78.43528  0.45360  0.01135  0.00967  280.95 280.1 15647669
20103120736579 9       JZBDEYIGC       -37.03504   78.22949  0.39802  0.00855  0.00881  279.24 276.4 15565798
20103450132164 9       JEBIZYDGC       -37.37220   78.01072  0.39997  0.00859  0.00885  276.77 276.1 15886064
20103450735365 6       BZIGJE          -37.53146   78.10151  0.49030  0.01084  0.00912  267.85 266.8 17186817
20102141730095 9       IDYJGCZEB       -37.43980   78.15554  0.40191  0.00860  0.00889  276.57 276.3 15641563
20122900016323 10      CFHIAEJDGB      -36.88315   78.41216  0.35587  0.00657  0.00915  274.94 274.6 601835762
20121070432356 7       DJGICHE         -36.15754   78.92817  0.40366  0.00814  0.00952  266.43 267.4 601105777
20122801535301 4       FJIA            -37.85874   80.09127  0.88066  0.01341  0.03483  246.37 246.0 601997287
20123172302140 10      DGAEHCFBIJ      -37.70341   78.03671  0.35959  0.00664  0.00928  281.74 283.9 601890519
20122132329364 9       HEGJFBIDA       -38.69917   78.22603  0.38429  0.00703  0.00962  268.84 270.8 601650853
20121621116332 9       EAFIDJHCB       -38.69529   78.04320  0.58282  0.00843  0.01630  265.65 265.6 601474903
20103311829288 6       EBZCGY          -39.26732   78.04950  0.54484  0.01620  0.00980  260.90 257.4 17186112
20101471543112 7       CZJDBEG         -40.45507   78.65699  0.45628  0.01125  0.00988  264.71 263.9 17173834
20103481002363 8       ZIGJBEDC        -37.33770   78.10813  0.40706  0.00861  0.00906  270.52 270.2 17187009
20101230945359 7       DECBJGZ         -40.36548   78.60044  0.45466  0.01123  0.00986  273.67 273.6 17157208
20103461553148 9       ZJIEBYDGC       -37.41288   78.02133  0.40053  0.00859  0.00886  273.48 273.4 17186888
20102940141297 8       EGBJCZID        -36.82880   78.52308  0.40499  0.00856  0.00900  268.13 266.9 17184026
20103121918576 8       EYZIBJGC        -37.02468   78.26139  0.41727  0.00918  0.00882  267.93 265.7 17185104
20103441738321 9       CEDZGJYBI       -37.42056   78.05125  0.40086  0.00860  0.00887  268.26 267.8 15933495
20103431730198 9       EIBYJZDGC       -37.43279   78.06942  0.40113  0.00860  0.00888  269.89 270.9 17186749
20102142147352 10      ZKBEYIDJCG      -37.39554   78.14963  0.39653  0.00750  0.00878  278.26 278.1 15641578
20100250013446 8       YBGEICZD        -38.65866   78.35248  0.47533  0.00946  0.00973  270.92 270.8 16112312
20102150428150 9       IGCYBJZDE       -37.31781   78.17821  0.40073  0.00858  0.00886  271.07 270.0 17179554
20101580521331 9       DZBCIEJGY       -36.92672   78.36716  0.39802  0.00854  0.00881  278.74 276.9 14743780
20101260928521 7       DEJBYCG         -40.42859   78.67134  0.45608  0.01124  0.00987  272.95 274.6 17170480
20180542034455 11      MONCLPRXGQJ     -40.88503   78.50381  0.43390  0.00738  0.00914  264.15 265.0 611783945
20181100612462 10      PJNGIMCOLQ      -36.44803   79.22955  0.41980  0.00758  0.00812  261.99 260.3 611922730
20181521258581 11      JINCOQLGMRP     -35.94181   78.74305  0.39153  0.00702  0.00788  261.03 261.4 612114549
20181512152320 11      ONILMPCJGXQ     -37.67207   78.07755  0.38202  0.00637  0.00825  264.81 265.2 612104715
20181620229015 12      MLCNIGQXJRPO    -35.44029   78.47558  0.35723  0.00617  0.00759  261.98 259.7 612151597
20181441550385 12      XRCLPQMJIOGN    -35.50858   78.33830  0.35644  0.00615  0.00759  269.34 266.5 611948653
20181730707453 12      NPJXIRMQGLOC    -36.95671   78.28737  0.36900  0.00613  0.00801  269.42 268.0 612280745
20182971219117 9       QGPILNJXM       -38.80211   78.10420  0.41550  0.00725  0.00887  265.55 267.0 613568450
20182911517566 10      GMRQLJNIXP      -36.86246   78.42258  0.38179  0.00680  0.00825  275.99 275.7 613508327
20122630115524 10      GJBECIDHFA      -37.68425   77.93215  0.35827  0.00662  0.00925  267.16 268.0 601863797
20121572222337 9       JIFHEAKGC       -35.41089   78.21719  0.35545  0.00607  0.00911  263.08 261.9 601161162
20121180043422 9       HABIGJEDC       -35.19498   78.62405  0.36979  0.00732  0.00871  276.09 275.2 601008566
20121072353187 8       ECDJBHIG        -36.61147   78.83766  0.39736  0.00814  0.00926  279.97 279.2 600886665
20181640417249 12      NRPICMQGOJXL    -35.41310   78.45236  0.35676  0.00617  0.00758  263.62 262.3 612171001
20180861127228 11      PGMLCJIQONX     -37.65258   77.87946  0.37929  0.00634  0.00822  273.41 274.2 611875433
20180542009527 11      QGPJCORMXLN     -40.83182   78.50187  0.43274  0.00735  0.00913  269.78 270.3 611783942
20180861306377 11      MIGNLQPXOJC     -37.65505   77.86696  0.37917  0.00634  0.00822  268.41 269.2 611875439
20180581810418 10      QMNRPCGOJL      -36.62436   79.06389  0.40858  0.00778  0.00812  269.07 267.4 616322753
20181431512546 12      MCNOQPILGXJR    -36.97978   78.33421  0.36978  0.00613  0.00802  277.66 276.2 611944665
20180852332267 11      JLRCGNIXQOM     -40.31702   78.53607  0.42057  0.00717  0.00902  265.82 268.0 611874552
20180600414358 10      QCLXGMONPJ      -39.23945   78.10924  0.40853  0.00705  0.00871  268.79 269.2 611800288
20180861030375 10      QCPNIMXOGL      -37.62299   77.92271  0.43209  0.00654  0.00940  270.56 271.0 611875431
20181521302247 11      GMLNIOCJPQR     -35.95375   78.79170  0.39214  0.00703  0.00789  255.66 255.6 612114550
20180651919204 12      QCPWINMGOJLX    -38.94686   78.18063  0.36998  0.00577  0.00858  267.82 268.9 611754275
20142800608033 9       GTNSBC0IE       -37.35506   78.25396  0.43467  0.00660  0.00985  268.15 269.7 605725260
20141881024572 9       0ETSNCIGB       -40.18619   78.18679  0.44608  0.00702  0.01027  276.46 276.4 604820161
20141880739377 9       NGT0EBCIS       -40.17035   78.21037  0.44622  0.00703  0.01027  264.96 264.7 606919335
20140151302202 7       ABJDEIG         -35.17688   78.62123  0.39211  0.00784  0.00886  276.40 275.8 603962677
20142792100484 9       B0ICNTEGS       -37.25635   78.31744  0.43547  0.00662  0.00983  267.10 268.2 605725227
20142860136400 9       B0NGTCESI       -37.29485   78.26716  0.43490  0.00660  0.00984  265.92 268.2 605725613
20141560303078 5       C0TSB           -38.55250   78.39157  16.07663 0.14057  0.22497  266.28 262.5 604702100
20143122049399 8       BE0TSGCN        -40.06038   78.40883  0.49471  0.00864  0.01029  270.13 269.3 605652255
20141872317213 9       BTGIC0ESN       -40.12828   78.15537  0.44492  0.00698  0.01027  272.09 272.1 606919313
20142862148568 9       SITCGNE0B       -37.25284   78.29243  0.43521  0.00661  0.00983  266.08 268.1 605725660
20141860531004 9       BIEGNC0TS       -40.10580   78.10852  0.44397  0.00695  0.01028  273.38 273.3 604793638
20172082023470 11      LGJRICOANQM     -37.26062   78.33231  0.37742  0.00667  0.00813  277.14 277.8 610941092
20142800027162 9       GSIENT0CB       -37.35000   78.28037  0.43495  0.00660  0.00985  267.73 268.8 605725242
20141872316133 8       STNGEBC0        -40.10639   78.07226  0.49131  0.00840  0.01035  274.79 274.6 604807510
20142792239515 9       CSNETG0BI       -37.35303   78.23276  0.43443  0.00659  0.00985  266.18 267.7 605725233
20142511438322 9       ST0GEBINC       -36.92218   78.28457  0.43574  0.00663  0.00977  265.34 264.8 605596860
20141151609042 3       T0S             -37.28476   80.45166  42,208,732.74191 450,611.31590 416,790.19724 246.02 239.9 606915509
20141872317497 8       GCESTB0N        -40.10488   78.71350  0.49725  0.00890  0.01025  273.27 273.0 606919314
20142861323565 9       TEICSBN0G       -37.26045   78.28052  0.43506  0.00661  0.00983  269.39 270.8 605725639
20142792344492 9       BTCSGEI0N       -37.27113   78.28953  0.43515  0.00661  0.00983  267.72 269.2 605725239
20110921731109 5       EHIGJ           -40.04289   78.87928  0.54558  0.01046  0.01086  261.86 263.4 17199553
20110330528251 4       JEIG            -40.90365   78.44180  1.09399  0.01989  0.01492  261.76 261.8 17191523
20110471043195 4       EGJI            -35.07815   78.65110  0.80383  0.01706  0.01137  275.43 274.6 16362984
20131511615482 8       DEJCAIFH        -38.56145   78.23694  0.59116  0.00856  0.01757  264.85 262.4 603157130
20131921814392 10      IDBEJGFCHA      -40.04761   78.05179  0.39124  0.00724  0.00983  274.13 274.7 603230777
20130551645010 8       ADJGBEHC        -40.39477   78.04561  0.42172  0.00987  0.01009  279.56 279.9 606348549
20131291950038 11      HJKCGAEDBIF     -37.45365   78.04356  0.35175  0.00603  0.00911  276.09 276.3 602957743
20132771826100 10      HCBADEJGIF      -38.74295   78.14265  0.37245  0.00685  0.00954  262.42 263.9 603516890
20132861846378 10      GBIFHEDAJC      -38.73198   78.27887  0.37406  0.00687  0.00957  262.79 263.7 603989055
20132771756227 10      GHEBAFIDJC      -38.78393   78.12191  0.37271  0.00686  0.00955  264.87 266.2 603988642
20132771849548 10      HGCADJFEIB      -38.59211   78.26251  0.37207  0.00684  0.00953  265.65 269.6 603988648
20132771810536 10      IBCDFJAHEG      -38.76388   78.07154  0.37181  0.00685  0.00954  267.63 268.2 603988644
20130800021057 7       JIGFCEB         -36.49436   79.03701  0.44375  0.00843  0.00934  265.65 265.5 606941076
20172271525370 10      QLMROCINJG      -36.37221   79.28415  0.40432  0.00773  0.00815  268.32 267.3 611019022
20173022206376 11      CGJALNMQROI     -39.42117   78.15370  0.40013  0.00684  0.00872  264.19 264.5 611459573
20170870807045 8       NLOIJCGM        -36.43163   79.19174  0.44814  0.00914  0.00821  263.31 261.1 610543838
20170930719384 8       NGOCMJIL        -36.64005   79.02539  0.45003  0.00913  0.00824  276.42 274.0 611832207
20131921806593 10      DHAEJGCIFB      -39.97941   78.13157  0.39117  0.00723  0.00983  263.55 264.1 603230776
20131511539212 8       DCJAEHIF        -38.57120   78.24197  0.59216  0.00857  0.01759  264.85 262.2 606942967
20131301108078 10      EFBGCAHDJI      -37.44484   78.06814  0.35745  0.00661  0.00922  267.00 267.3 606942317
20130880752578 9       HGCIJDAEF       -39.17521   78.17276  0.38201  0.00697  0.01011  268.88 268.7 606941804
20132771730286 10      AJBDEGHICF      -38.73438   78.05427  0.37121  0.00684  0.00953  271.23 272.7 603988638
20131121625573 10      CIHGEJBADF      -35.45673   78.28266  0.34397  0.00644  0.00873  266.06 264.8 602940649
20130821439040 10      GEBFJDCAIH      -35.20075   78.49703  0.34392  0.00644  0.00869  273.61 272.5 606941289
20132852001311 10      ABIFGDHEJC      -36.63087   78.66465  0.35618  0.00657  0.00913  279.09 278.6 603734845
20132771726155 11      JBICGAHFEDK     -38.67444   78.26652  0.36949  0.00629  0.00944  287.98 291.0 603516211
20132981131550 8       DGAHJEFI        -35.49373   78.30759  0.36549  0.00665  0.00931  268.76 267.5 603760432
20132791535221 9       DGAHJIFEC       -38.75983   78.07855  0.37549  0.00685  0.01000  263.73 265.0 603988732
20161181733451 10      GE12TBINCC      -38.82904   78.08567  0.39010  0.00621  0.00950  262.63 264.6 608811543
20162771532539 5       NCEIG           -36.50628   79.20051  0.51786  0.01083  0.01021  270.16 268.8 609914692
20161850957389 8       TNI1GECC        -35.47980   78.39514  0.44682  0.00703  0.00981  261.16 259.4 609382982
20163480442036 5       CGNEI           -37.66339   77.97049  0.52441  0.01055  0.01061  271.06 271.1 610120576
20160951616130 10      EBG2NIT1CC      -40.06218   77.98543  0.40567  0.00647  0.00982  274.27 275.1 608534597
20162711534455 6       G1NECI          -35.18628   78.74424  0.46873  0.00838  0.00998  275.95 277.3 609564891
20161081447360 10      CCI2EBNT1G      -37.72918   78.28363  0.38233  0.00615  0.00922  265.05 263.2 608813199
20161180050217 10      IB1GN2CCET      -38.88421   78.11635  0.39151  0.00622  0.00953  269.18 270.5 608811504
20161311923010 9       B1NCCEIG2       -37.11813   78.32575  0.39438  0.00678  0.00902  267.60 267.7 609344651
20160171925032 11      TBUIENCCSVG     -37.79730   77.98258  0.42464  0.00610  0.00978  277.24 277.5 608172867
20163501940539 5       ICGEN           -40.31657   78.54305  0.55764  0.01099  0.01111  268.59 270.2 610120838
20163151419077 6       CENI1G          -37.73795   78.26134  0.46531  0.00810  0.01051  270.53 268.0 615025408
20161850447291 7       CCETN1G         -35.64616   78.10526  0.56079  0.00954  0.01004  259.85 258.6 609382966
20212111627276 7       ONJACLP         -36.74269   77.33526  0.53195  0.00752  0.01193  265.33 267.5 620986077
20213041222316 7       NAJPOLC         -35.16081   78.52618  0.52764  0.00794  0.01111  266.02 266.5 621395247
20213502040366 7       LOAWPCJ         -40.68915   78.35633  0.67070  0.00777  0.01741  278.93 280.7 621631472
20211670022066 5       NCPLA           -37.18041   78.09308  1.35014  0.00856  0.03135  260.77 259.3 620572885
20213190657225 7       NJPOCLA         -40.09336   77.47268  0.69593  0.00835  0.01615  273.66 275.4 621475607
20211840227407 6       JALNCP          -37.08195   78.11506  0.57689  0.00822  0.01340  269.64 270.6 620927785
20211670456062 6       APCLNJ          -37.12372   78.23133  0.58434  0.00826  0.01355  269.58 268.6 620572891
20213410314418 6       AOJLCP          -38.53403   78.23014  0.65207  0.00846  0.01565  272.53 272.2 621615807
20211662218551 6       CNPALJ          -37.22892   78.10776  0.58215  0.00822  0.01357  276.96 276.3 620562821
20211662239591 6       ANCPJL          -37.22896   78.15848  0.58475  0.00824  0.01361  264.71 264.6 620562827
20212771740594 7       OJLACPN         -37.49702   77.87955  0.58086  0.00769  0.01309  268.29 267.4 621203131
20211210005437 5       CAJLN           -40.68216   78.36170  0.85787  0.01160  0.01956  264.36 264.9 620376299
20211202149420 6       NCPLJA          -40.71019   78.31344  0.85601  0.01054  0.01942  281.33 282.6 620346912
20211651226172 6       CJLNPA          -37.28294   78.08012  0.58285  0.00822  0.01361  266.16 265.4 620562721
20211441437419 6       JCANLP          -40.02217   77.97395  0.73941  0.00931  0.01751  266.87 268.8 620507236
20212600304541 7       JLONAPC         -36.70508   78.54342  0.58362  0.00787  0.01274  270.71 270.6 621112925
20211631324039 7       NAJWCPL         -37.18796   78.18074  0.52267  0.00697  0.01326  263.23 262.7 620554843
20213221207123 7       ACJNPOL         -36.99241   78.11528  0.57352  0.00774  0.01271  263.87 264.3 621532477
20213502220084 7       JCAWOPL         -40.67257   78.36862  0.67057  0.00776  0.01741  276.19 278.1 621631585
